3,2
3,1
3,3
10,117
10,65
10,253
10,19
10,11
10,255
10,307
10,1
10,267
10,2
10,3
11,23
11,13
11,9
11,5
11,17
11,29
11,1
11,21
11,2
11,3
9,5
9,1
9,7
9,2
9,3
8,8
8,16
8,15
8,10
8,4
8,17
8,1
8,11
8,2
8,3
12,2
12,1
12,3
20,2
20,1
20,3
19,2
19,1
19,3
18,1
18,3
2,2
2,1
2,3
0,472
0,273
0,0
61,1
61,3
13,1
0,270
13,3
14,1
14,3
0,9
75,34
75,33
75,32
75,31
75,30
75,29
75,28
75,27
75,26
75,25
75,24
75,23
75,22
75,21
75,20
75,19
75,18
75,17
75,16
75,15
75,14
75,13
75,12
75,11
75,10
75,9
75,8
75,7
75,6
75,5
75,4
75,3
75,2
75,0
